Code_ADN	Og_acc	MOY1720_M1	MOY1720_M2	MOY1720_M3	MOY1720	MOY1720norm	MOY1720_M1norm	MOY1720_M2norm	MOY1720_M3norm
EA	110	-0.9517787901	-0.1621588494	-0.5850069584	-0.566314866	-0.565935559388626	-0.646144809516502	-0.399409150225221	-0.455279595341811
EI	187	0.1761244955	0.4715296943	0.349719271	0.3324578203	0.19054333133641	0.238462571889832	0.488283975852349	0.437336079798258
EN	185	0.0439622438	-0.5172275508	-0.2760322111	-0.2497658394	-0.356646601253707	0.0961360673319263	-0.134762039870312	-0.212732292693052
EP	181	0.6319109423	0.0538423797	0.1296916384	0.2718149868	0.125452637686367	0.787496818287429	0.416221452404587	0.187537120755073
EQ	234	0.1187356686	0.0754244287	-0.3054226529	-0.0370875185	-0.17804307846335	0.175665117812188	0.0742258143299463	-0.238341621145127
ER	506	0.1156134464	0.8245048015	0.2178978282	0.3860053587	0.249425714773872	0.172291998671286	0.553189046968333	0.285110162658988
ES	276	-0.3553608899	-0.1175376751	-0.3734989569	-0.2821325073	-0.381381459034138	-0.28070196478335	-0.164497566790754	-0.295720022250343
ET	410	-0.317364774	-0.0478956512	-0.2264668716	-0.1972424322	-0.315076585712612	-0.248604915577986	-0.0853110072840471	-0.168436118121391
EV	212	-0.5012890072	-0.3919769124	-0.1920638758	-0.3617765984	-0.439242490947222	-0.395694781807296	-0.235191632615262	-0.136892017170961
FA	489	0.2835192363	0.3819310136	0.6176431195	0.4276977898	0.296166309937637	0.359948481630631	0.604537261279973	0.769032389512473
FB	117	0.3540818118	-0.3247453515	0.4561302632	0.1618222412	0.0118571140026755	0.442501409641905	0.289532507352894	0.56559387893364
FC	168	0.4996546866	0.3713157607	0.5832358605	0.4847354359	0.361353246034712	0.619393070687979	0.675918077085316	0.724829779505664
FD	239	0.0666150347	-0.1080187038	0.1768436839	0.0451466716	-0.102054746605327	0.119951455746495	0.161017100182522	0.239259049609906
FE	179	0.5461285711	-0.1997699286	0.2597789144	0.1332293085	-0.0167001796943716	0.677677751874201	0.257468720648329	0.332655987732261
FF	112	-0.1580097684	0.241163724	0.4209352122	0.1680297226	0.018110747754885	-0.105038489483896	0.296541535524362	0.522654252182834
FH	400	0.4037378622	-0.2100907445	0.1863701588	0.1266724255	-0.0231909969561213	0.501858024190353	0.250167431530586	0.249831314046662
FI	487	0.3032248261	-0.4325505308	0.5754548205	0.1487097053	-0.0012898783953467	0.382787982870047	0.274783013448949	0.714897610149572
FK	496	0.2836084685	0.164237619	-0.1632296533	0.0948721447	-0.0543609560199727	0.360051527006574	0.215032006178046	-0.109961202533986
FL	122	0.4250835148	0.5335715055	0.3201180077	0.426257676	0.294538931833109	0.527688946954517	0.602751881565801	0.402500719291656
FM	206	-0.76489837	0.1137211329	-0.8066556244	-0.4859442872	-0.520226398132063	-0.565180162862682	-0.33800898626731	-0.586638897595386
FP	159	-0.3436834475	-0.6354215722	-0.2635280114	-0.4142110104	-0.474877920002452	-0.270928609780769	-0.279743201068947	-0.201687355580048
FQ	116	-0.5826117585	-0.8221803316	-0.7013486625	-0.7020469175	-0.62872689021039	-0.453644197497302	-0.492956966982178	-0.529421915440179
FR	129	0.1862452248	0.4648881529	0.3638714765	0.3383349514	0.196942109686629	0.249692400714009	0.495349734292765	0.454121767319386
FS	431	0.1560435444	-0.0609575516	-0.3336174527	-0.0795104866	-0.215788880253511	0.216318125070768	0.0307207483335974	-0.262438812381255
FT	114	0.2978829677	0.0812517152	-0.0225763298	0.1188527843	-0.0309034044391142	0.376580032144502	0.241485299817604	0.0276108339989779
FV	403	-0.3129616818	0.429442138	0.2541394491	0.1235399684	-0.0262842186219896	-0.244830470958448	0.246686165172937	0.326208821670817
GB	430	0.2695248813	-0.3262889764	-0.1633881994	-0.0733840982	-0.210400612131461	0.343830538419514	0.0369490649564327	-0.110110496319965
GC	438	-0.2485438723	-0.4262346734	-0.0973526153	-0.2573770537	-0.362524639758719	-0.188335838793856	-0.141805712482369	-0.0467875432275459
GD	402	0.643786634	0.3640594167	0.1462370016	0.3846943507	0.247968577992173	0.802925380593655	0.551585887424489	0.205570500416385
GE	154	0.3905698232	0.5610302483	0.3066669314	0.4194223343	0.286827287208642	0.486017188814389	0.594289189212005	0.386794666918319
GH	297	0.4097664855	0.2130162439	0.4677767205	0.3635198166	0.224541279269601	0.509134329401741	0.525790291727397	0.579914530776271
GI	280	0.3794847969	0.3325045108	0.4300144493	0.380667919	0.243498185417354	0.472738153036935	0.546666581566161	0.533682717687212
GK	188	-0.1274334016	0.4806045457	-0.0515147512	0.100552131	-0.0488314625801387	-0.0759144889346435	0.221274080045181	-0.00151417743730346
GL	43	0.3707797806	0.0979696284	0.1011250327	0.1899581473	0.0403546914341445	0.462346203962821	0.321437649383315	0.156698497447124
GM	115	0.5140278443	0.5050065599	0.4785932002	0.4992092014	0.378120146436644	0.637326938827251	0.694237368296498	0.593263939581792
GN	243	0.0497035095	-0.1362521672	0.0796703257	-0.0022927773	-0.146338224212492	0.102148881086505	0.110557368087699	0.133787228199878
GP	156	0.3213924567	0.438976323	0.4539298826	0.4047662208	0.270362197231524	0.403992834692948	0.576207492653996	0.562894459397904
GQ	12	-0.5572815235	-0.8079870063	-0.8129562941	-0.7260749413	-0.637583115022645	-0.436094429558795	-0.508075705965257	-0.589726808167155
GR	121	0.4566345226	-0.3968308361	-0.0898902165	-0.0100288433	-0.153444623925791	0.56621278055104	0.1024295710815	-0.0394897240161243
GT	412	0.16405578	0.1703739404	-0.3184192141	0.0053368354	-0.139297779810811	0.225131761069747	0.118601169064419	-0.249507129412565
HA	41	-0.0869020696	-0.3110928249	-0.030660142	-0.1428850122	-0.270257394067237	-0.0365595055657943	-0.0326131558369512	0.019433066288162
HB	426	0.326056965	0.1174892289	0.5519404677	0.3318288872	0.189859514919721	0.409459917768271	0.487528694665147	0.685027064790141
HC	169	0.3824342384	-0.2942534892	-0.1395046372	-0.0171079626	-0.159918943349854	0.476266355032381	0.0950169839046279	-0.0874709408442146
HD	191	0.5593517649	0.1341910875	0.570687032	0.4214099615	0.289067596204997	0.694418220673447	0.596748082567366	0.708823457640499
HE	109	0.2855974345	-0.1560040401	0.4533342729	0.1943092224	0.0447964834320843	0.36234928025978	0.326402707264182	0.562164106843817
HF	190	0.0874696597	0.642321172	0.3494190156	0.3597366158	0.220376959813429	0.142091116055262	0.521200865258701	0.43698086748985
HG	404	-0.158481366	-0.1625680995	0.3814952371	0.0201485905	-0.125540079678135	-0.105483832066596	0.134295610286611	0.475142701676037
HH	408	0.3057805982	0.6940547468	0.3319282199	0.4439211883	0.314562565281961	0.385762469685566	0.62470788474066	0.416354561350232
HK	17	-0.0303465504	-0.2572882989	0.0027723487	-0.0949541669	-0.229276803553624	0.0197497001245011	0.0151022862501762	0.0534625733614559
HL	61	0.188685727	0.6566633123	-0.0194089914	0.2753133493	0.129160842432573	0.252407250041941	0.420336401178127	0.0308237817226858
HM	158	0.1562003283	-0.2660355438	-0.0618536308	-0.0572296154	-0.196090564816822	0.216490310767146	0.0534605581035765	-0.0118184339515345
HN	407	0.2058064568	-0.3306172444	0.3016396727	0.0589429617	-0.0889516085354261	0.271527673078329	0.175889228336551	0.380944542689199
HP	63	0.0709788808	0.437192188	-0.0264728585	0.1605660701	0.0105939316024203	0.12456723462426	0.288116209042774	0.0236649852080337
HQ	478	0.0551873804	0.4937517794	0.2018774309	0.2502721969	0.102745322168666	0.107906801582407	0.390996726220543	0.267128143476133
HR	182	0.3867096564	0.3793840483	0.3175863947	0.3612266998	0.222016378387175	0.481387177364898	0.523007792030869	0.399538783900487
HS	405	0.0154289217	-0.4223145957	-0.6286090739	-0.345164916	-0.427537233475997	0.0664877642445928	-0.220743081526298	-0.48430375806695
HT	184	-0.0347821397	-0.4710321853	-0.1561796523	-0.2206646591	-0.33382941910861	0.0152756101079438	-0.107544040554993	-0.103309145766331
HV	178	0.2918485723	0.024294037	-0.0005196093	0.1052076666	-0.0442869362212774	0.369582044964796	0.226401259101545	0.0500875117362241
IA	113	-0.3127474405	-0.4890624443	-0.2518005548	-0.3512034799	-0.431814882789896	-0.244646529432125	-0.226013661050973	-0.191248390132639
IB	238	-0.4179110928	0.2317874081	-0.0278325995	-0.0713187614	-0.208579307716562	-0.331642609158371	0.0390529209589211	0.0222897987712246
IC	127	0.5282402598	0.4155198775	0.1612230839	0.3683277404	0.229842924723465	0.655141459690628	0.531631322480667	0.222012398884463
ID	119	0.4131754122	-0.2998437506	-0.7150542473	-0.2005741952	-0.317764992959693	0.513255425405098	-0.0884912120369317	-0.537434551209253
IE	138	0.7032841563	0.4346068759	0.5818546952	0.5732485758	0.465290198596104	0.881034832871246	0.789231920102222	0.723065049487954
IG	488	0.1573394011	0.4598121948	0.5719195765	0.3963570575	0.260958359359683	0.217741617281857	0.565872221579473	0.710392861583349
IH	86	0.6715020484	0.2368537723	0.330327091	0.4128943039	0.279481707861895	0.839142916260502	0.586224606887738	0.414472892475276
IK	425	0.1626993151	0.4200179848	0.1245352977	0.2357508659	0.0875637063091879	0.223637568639207	0.37410567601586	0.181942757241605
IL	418	-0.2453842053	-0.637799981	-0.3865506906	-0.423244959	-0.480810604722591	-0.185504389807899	-0.28725426278543	-0.306403086567097
IM	427	-0.0020524295	-0.6347056207	-0.4275108108	-0.354756287	-0.434319598157269	0.0485178006185364	-0.229104847768176	-0.339245719067228
IN	100	-0.4843049645	-0.3935608697	-0.0196472147	-0.2991710163	-0.394124366438694	-0.383016990505516	-0.179920390476444	0.0305819561013586
IP	264	-0.6792176808	0.1177426429	0.0383585755	-0.1743721541	-0.296437992377826	-0.516149073276193	-0.0633248189560072	0.0902825541487663
IQ	209	-0.1411950113	0.2278328698	0.2050903929	0.0972427505	-0.0520551749537083	-0.0890831449323248	0.217635420697252	0.270725346431626
IR	136	0.441986794	-0.4849469959	0.4851360828	0.1473919603	-0.00260633849235907	0.548277190577967	0.273304992917921	0.601361966968435
IS	492	-0.3206894762	0.0004143616	0.0699132612	-0.0834539511	-0.219245923214101	-0.251447433999354	0.0267214502855769	0.123439264297741
IT	415	-0.0284727733	-1.1042439318	-0.3682097493	-0.5003088181	-0.52880746400629	0.0216426697181498	-0.349291010630346	-0.291361173499165
IV	475	0.2089230445	-0.2783289491	0.273036844	0.0678769798	-0.0804131540206571	0.275022373602009	0.185566912684789	0.347867433248258
KA	401	0.4739675152	0.1181623024	0.2909285158	0.2943527778	0.149443208883694	0.587549243077406	0.442822503470831	0.368516450901567
KD	64	-0.7397403913	-0.7370997857	-0.4712283303	-0.6493561691	-0.606750025736431	-0.55145496223692	-0.45823839373129	-0.373125079598358
KE	118	-0.5282071166	-0.2138052814	-0.0490445391	-0.2636856457	-0.367368172939294	-0.415387797864726	-0.147620125384043	0.000955689090052244
KF	495	-0.0474325369	-0.5819066157	-0.1158351657	-0.2483914394	-0.355581178558359	0.00256911036218839	-0.133486791208002	-0.0647394053883173
KG	505	0.2680718509	0.353581837	-0.068196918	0.18448559	0.0347812168634327	0.342161893635173	0.315204645927061	-0.0181138832521124
KH	7	-0.1490294294	-0.6361816065	-0.4693167031	-0.418175913	-0.477489360843517	-0.0965356755224417	-0.28304576755536	-0.37166956992223
KI	10	0.2086929374	0.4577222199	0.0818511911	0.2494221161	0.101853811853041	0.274764201230233	0.390005425882576	0.1361063000792
KK	416	0.1783525849	0.3439309584	-0.1737172725	0.1161887569	-0.033523811744974	0.240930867042316	0.238533729795533	-0.119807976414188
KL	62	-0.298279123	-0.1745831614	0.3204606296	-0.0508005516	-0.190354687423457	-0.232162787014663	0.0600671339512207	0.402901790286309
KM	429	0.5525397945	-0.012597978	0.2689347206	0.2696255124	0.123134770945146	0.68578569040135	0.41364873131029	0.343152693240928
KP	216	0.2792513423	-0.2365717735	0.1317916656	0.0581570781	-0.0897006961968168	0.355023944061415	0.175039692160213	0.189819050909779
KR	200	0.0882646854	-0.1404665477	-0.1897947061	-0.0806655228	-0.216802362460537	0.142939176778226	0.0295485647139467	-0.134788813166205
KS	15	-0.5509492321	-0.0524599759	0.2825457199	-0.1069544961	-0.239662751637544	-0.431635296058806	0.00304782149787123	0.358824488556839
KV	57	-0.3327704021	-0.7330643908	-0.4490570059	-0.5049639329	-0.53155107005704	-0.261721662078566	-0.352918904042048	-0.356097271955943
LA	124	0.0283728921	0.0873717266	-0.0369582955	0.0262621077	-0.119827278490103	0.0798889791165133	0.140803576875716	0.0130841340376572
LB	463	0.4652898191	0.4256037885	0.141413486	0.3441023645	0.203236833750092	0.576851971341093	0.502297535995977	0.200300216733464
LC	274	-0.0960986394	-0.6874476501	-0.8198830408	-0.5344764434	-0.548510491505149	-0.0455632142148513	-0.375592677837939	-0.59307448451707
LD	132	-0.0480665378	0.0262586982	0.1057765508	0.0279895704	-0.118209423422302	0.00193439646807884	0.142645675729616	0.161694172451196
LE	102	0.5816451449	0.6510421235	-0.0555312791	0.3923853298	0.256527842493539	0.722797370003674	0.561000786281618	-0.00552362327197331
LG	105	0.2366187612	0.1500244877	0.5104822449	0.2990418313	0.154464431867302	0.306267737362768	0.448383920536943	0.632895287234133
LH	106	0.1422683798	0.0370228691	-0.5097949007	-0.1101678839	-0.242429697825977	0.201233516835993	-0.000167876853551722	-0.401971043546459
LI	107	-0.1692420331	-0.1387092747	0.2258708514	-0.0273601521	-0.169246538931613	-0.115613361782272	0.084324368364989	0.294101963104675
LK	108	-0.2759121064	0.2318842476	0.0205185731	-0.0078364286	-0.151433966578156	-0.21262662595673	0.104730110253324	0.071747552045898
LM	130	0.1806976872	0.012033882	0.5741401048	0.2556238913	0.108365741601491	0.243531209110553	0.397244580422096	0.713221774355204
LN	134	0.5583720731	-0.6186427491	0.6850869741	0.2082720994	0.0591129392546311	0.693175570578101	0.342391802283716	0.857002275095562
LP	155	0.6458908718	-0.1032391277	0.0024457677	0.1816991706	0.0319490682971678	0.805664803000846	0.312036090997014	0.0531275119099185
LR	162	0.3884441165	-0.5997261096	0.0802685428	-0.0436711501	-0.183966955217521	0.483466777551994	0.0674168628055569	0.134423133097511
LT	205	0.4287328199	-0.2850130386	0.3433598944	0.1623598919	0.0123980053200799	0.53212387821165	0.290138907525346	0.42982087058086
LV	217	-0.3830949615	-0.4189556227	-0.6772078159	-0.4930861334	-0.524514372593678	-0.303584650181738	-0.343634671953984	-0.514923571399661
MA	22	-0.4142699701	-0.2342030728	-0.116256361	-0.2549098013	-0.360623323833989	-0.328743605360293	-0.139525863893788	-0.0651464540336191
MB	225	0.2169108868	0.2283156941	0.2414211949	0.2288825919	0.080418338060395	0.283999073366661	0.366148206284852	0.311720180427677
MC	253	0.0865330186	-0.4727347444	-0.3820801723	-0.256093966	-0.361536358640876	0.14109237317628	-0.14062049467588	-0.302755614978236
ME	30	0.2449233976	0.5025541472	0.2993068136	0.3489281195	0.208515501328746	0.315702805664135	0.508121554371185	0.378233530392008
MF	32	-0.040654697	0.0173289833	0.1151156606	0.0305966489	-0.115764749705744	0.0093671027836173	0.145428410533647	0.171754628686551
MK	448	-0.3619330128	-0.8662410622	-1.0430339401	-0.7570693384	-0.647780349249236	-0.286166524906058	-0.526887377905047	-0.66627906150861
MM	457	0.0574878838	-0.4770151307	-0.5836826864	-0.3344033111	-0.419850319530123	0.110326530432178	-0.211298507036265	-0.454375926354625
MN	459	0.4102683314	-0.1060469294	0.3499648099	0.2180620706	0.069207369049484	0.509740715724251	0.353653101837464	0.437626588952409
MP	461	-0.4406501565	-0.5282526555	-0.1211895659	-0.363364126	-0.440350841654575	-0.349557499644341	-0.236564113869751	-0.0699071283775015
MQ	486	-0.3568651062	0.3340983945	0.4321437073	0.1364589985	-0.01349505783816	-0.28195497509589	0.261072168988859	0.536274015937927
MS	502	-0.0980131267	0.0931884443	0.1487957937	0.0479903704	-0.099362125209264	-0.0474321147488383	0.164075323893937	0.208370614429628
MT	56	-0.7572357136	-0.9331597457	-0.8444483081	-0.8449479224	-0.666427272391803	-0.561061324852288	-0.575695123852146	-0.60453824444288
MV	65	-0.0230416243	-0.5323869508	0.1023833472	-0.151015076	-0.277074286504707	0.0271392560104238	-0.0405915968612673	0.158048918177413
NA	66	0.2492046082	0.5303450763	0.4347639804	0.4047712216	0.270367798950634	0.320578620966992	0.576213647435646	0.53946543300595
NB	80	-0.5800887619	-0.4143484866	-0.8203960779	-0.6049444421	-0.585793290034568	-0.451917005073761	-0.427380565814955	-0.593320453795413
NC	81	0.0231807603	0.2520434289	0.1466855697	0.1406365863	-0.00934146099515972	0.0745037188755361	0.265740139685621	0.206061157089799
ND	82	0.1901078405	0.1162042537	0.213032341	0.1731148118	0.0232478752525253	0.253990463363996	0.302295942189083	0.279636836219987
NE	83	-0.211979735	-0.4905368108	-0.2802421064	-0.3275862174	-0.414939156485872	-0.155231576419445	-0.205281658137047	-0.216430925583815
NG	89	-0.2424969888	0.4710547302	-0.2526429608	-0.0080284065	-0.151610133639819	-0.182912223764391	0.104528572993033	-0.192000813960166
NH	94	0.2039545756	-0.2704353772	-0.3623075578	-0.1429294531	-0.270294763890422	0.269453168960982	-0.0326568594068177	-0.286477166963319
NI	97	0.2556594272	-0.9460359853	-0.4551614073	-0.3818459885	-0.453120458344004	0.327945125993891	-0.252434700144643	-0.360817397442587

